,Ni_wt,Re_wt,Co_wt,Al_wt,Ti_wt,W_wt,Mo_wt,Cr_wt,Ta_wt,C_wt,B_wt,Y_wt,Nb_wt,Hf_wt,so_tt,X1satt,X2satt,so_ttemp,X1atc,X2atc,temperature,a_s,¦Ó,DL,G,L,Ni3Al_f,creep_life
Ni_wt,1,-0.035858278,-0.788154021,-0.121698022,-0.036002554,-0.096097348,-0.04023461,-0.123241771,0.04043062,-0.086109499,0.116549975,0.184672516,0.20464891,-0.205644393,0.149351533,-0.020545021,0.030997826,-0.003830936,-0.199919949,0.16015725,-0.12654069,-0.041449871,0.36704562,-0.103168658,-0.023412349,0.257923231,0.139796048,-0.131740133
Re_wt,-0.035858278,1,0.165543207,0.381716662,-0.442349501,-0.419437339,-0.19197224,-0.727048965,0.419141568,-0.222410512,-0.004307573,0.509038948,-0.030878594,-0.224639602,0.028017658,-0.179124945,-0.234292309,-0.371705751,0.492475036,0.021729119,0.207753538,-0.164246354,0.607817608,0.0840586,0.039610299,0.300781203,0.045397141,0.228615326
Co_wt,-0.788154021,0.165543207,1,0.365311253,0.095132169,-0.252886327,0.194696698,-0.0448253,-0.276297531,-0.088810834,-0.032229675,0.001095246,-0.520283135,-0.001586996,-0.481381112,-0.102110191,-0.231737911,0.149569325,0.167292438,-0.03563477,0.117603266,0.159507478,-0.264261224,0.04276525,0.157186701,0.034328921,-0.257933312,0.04128383
Al_wt,-0.121698022,0.381716662,0.365311253,1,-0.495980312,-0.477444901,0.283686939,-0.246372746,-0.010382134,-0.049638863,0.339573544,0.237726481,-0.318004232,-0.023074445,-0.48216228,-0.06098458,-0.464346275,0.292587906,-0.025945638,0.225879908,0.155550034,-0.027979152,0.032933807,0.032671751,-0.150050734,0.124651347,0.583249002,-0.117878961
Ti_wt,-0.036002554,-0.442349501,0.095132169,-0.495980312,1,-0.088122164,0.183295577,0.509618685,-0.567468925,0.05032023,-0.199167162,-0.274281973,-0.296648733,0.049475323,-0.277648941,-0.086081689,-0.003151338,0.129050217,-0.176410886,0.177397746,-0.382690578,0.355603897,-0.117608763,0.387145094,0.115445742,0.088684439,-0.253432955,-0.167082396
W_wt,-0.096097348,-0.419437339,-0.252886327,-0.477444901,-0.088122164,1,-0.480465608,0.052429779,-0.019736927,0.109814495,-0.235285387,-0.172978354,0.28259328,0.21807175,0.543767851,0.442073013,0.528667271,-0.223052484,-0.04058973,-0.243931916,-0.017127688,-0.133894225,-0.253891832,-0.244614311,0.067017978,-0.277589501,-0.149805345,0.237724529
Mo_wt,-0.04023461,-0.19197224,0.194696698,0.283686939,0.183295577,-0.480465608,1,0.198503133,-0.256005771,0.161428606,0.260800014,-0.11215302,-0.146102981,-0.085264537,-0.394639675,-0.145700953,-0.414535495,0.406790302,-0.302651815,0.050331178,0.070327662,0.163717894,-0.068264041,0.262692829,-0.105847154,-0.235646469,0.21350565,-0.334137343
Cr_wt,-0.123241771,-0.727048965,-0.0448253,-0.246372746,0.509618685,0.052429779,0.198503133,1,-0.523193519,0.342805889,-0.093469558,-0.611090644,-0.057814172,0.101835532,-0.221508355,0.001597579,0.040877727,0.429217369,-0.471494063,0.044286033,-0.211885443,0.231932715,-0.575852773,0.063155685,-0.126225364,-0.264521915,-0.060879406,-0.314191966
Ta_wt,0.04043062,0.419141568,-0.276297531,-0.010382134,-0.567468925,-0.019736927,-0.256005771,-0.523193519,1,-0.218049362,0.121505656,0.270422083,0.39117352,-0.159837493,0.413951434,-0.004069282,0.088776595,-0.28204979,0.340395772,-0.172155811,0.210639996,-0.32110697,0.305108427,-0.094435238,-0.086081972,0.012871626,0.147237174,0.288035968
C_wt,-0.086109499,-0.222410512,-0.088810834,-0.049638863,0.05032023,0.109814495,0.161428606,0.342805889,-0.218049362,1,-0.00206158,-0.3283005,0.427646738,0.042660271,-0.113230216,-0.116797402,-0.025691032,0.236648299,-0.294326899,0.237984611,-0.114000522,-0.02438378,-0.188769846,0.090178704,-0.249181658,-0.242232376,0.088779328,-0.195982884
B_wt,0.116549975,-0.004307573,-0.032229675,0.339573544,-0.199167162,-0.235285387,0.260800014,-0.093469558,0.121505656,-0.00206158,1,0.210161617,0.178800495,-0.040395557,-0.263036367,-0.089923296,-0.291024602,0.307920527,-0.303499996,0.272779361,0.020430795,-0.119522259,-0.028240299,-0.054442411,-0.242028235,-0.101892016,0.358779381,-0.25585219
Y_wt,0.184672516,0.509038948,0.001095246,0.237726481,-0.274281973,-0.172978354,-0.11215302,-0.611090644,0.270422083,-0.3283005,0.210161617,1,-0.096309606,-0.097516695,-0.03752694,-0.080671109,-0.204211052,-0.278175017,0.21853345,0.181357806,0.00395956,-0.005734969,0.39482534,-0.069730283,0.128761613,0.250514216,0.039344663,0.04650526
Nb_wt,0.20464891,-0.030878594,-0.520283135,-0.318004232,-0.296648733,0.28259328,-0.146102981,-0.057814172,0.39117352,0.427646738,0.178800495,-0.096309606,1,-0.023876293,0.517174109,-0.054293892,0.19833771,-0.20731168,-0.021464153,-0.065263503,0.054195076,-0.28513195,0.146356552,-0.046930413,-0.217524757,-0.275456194,0.042517667,0.005461862
Hf_wt,-0.205644393,-0.224639602,-0.001586996,-0.023074445,0.049475323,0.21807175,-0.085264537,0.101835532,-0.159837493,0.042660271,-0.040395557,-0.097516695,-0.023876293,1,0.17671808,-0.046299962,0.206101047,-0.276456676,0.159859247,-0.009467413,-0.019886994,-0.025534367,-0.196438333,-0.017159888,-0.071569833,-0.236255135,0.239875039,-0.057587186
so_tt,0.149351533,0.028017658,-0.481381112,-0.48216228,-0.277648941,0.543767851,-0.394639675,-0.221508355,0.413951434,-0.113230216,-0.263036367,-0.03752694,0.517174109,0.17671808,1,0.145426818,0.668592447,-0.666579863,0.219289671,-0.50739042,0.278076931,-0.278948696,0.240896837,-0.099462488,0.061382965,-0.244667486,-0.087675388,0.141349114
X1satt,-0.020545021,-0.179124945,-0.102110191,-0.06098458,-0.086081689,0.442073013,-0.145700953,0.001597579,-0.004069282,-0.116797402,-0.089923296,-0.080671109,-0.054293892,-0.046299962,0.145426818,1,0.05577159,0.165124665,-0.451804599,-0.020991214,0.013927911,-0.088963667,-0.030127679,-0.013196602,0.025747132,0.024577822,0.063558675,0.134343646
X2satt,0.030997826,-0.234292309,-0.231737911,-0.464346275,-0.003151338,0.528667271,-0.414535495,0.040877727,0.088776595,-0.025691032,-0.291024602,-0.204211052,0.19833771,0.206101047,0.668592447,0.05577159,1,-0.377257264,0.214976601,-0.359236706,0.068045858,-0.160983761,-0.048513327,-0.091175436,0.148269802,-0.079982991,-0.203644392,0.231331522
so_ttemp,-0.003830936,-0.371705751,0.149569325,0.292587906,0.129050217,-0.223052484,0.406790302,0.429217369,-0.28204979,0.236648299,0.307920527,-0.278175017,-0.20731168,-0.276456676,-0.666579863,0.165124665,-0.377257264,1,-0.660960205,0.071662228,0.010319688,0.149724062,-0.326283512,0.067553712,-0.169763674,-0.06105974,0.192077463,-0.213778565
X1atc,-0.199919949,0.492475036,0.167292438,-0.025945638,-0.176410886,-0.04058973,-0.302651815,-0.471494063,0.340395772,-0.294326899,-0.303499996,0.21853345,-0.021464153,0.159859247,0.219289671,-0.451804599,0.214976601,-0.660960205,1,-0.081543067,-0.016599585,-0.14486644,0.19117139,-0.050528088,0.14091632,0.193151427,-0.165628523,0.514449585
X2atc,0.16015725,0.021729119,-0.03563477,0.225879908,0.177397746,-0.243931916,0.050331178,0.044286033,-0.172155811,0.237984611,0.272779361,0.181357806,-0.065263503,-0.009467413,-0.50739042,-0.020991214,-0.359236706,0.071662228,-0.081543067,1,-0.700128242,0.105416467,-0.013611386,0.063510639,-0.117915677,0.420902738,0.166199256,-0.110872912
temperature,-0.12654069,0.207753538,0.117603266,0.155550034,-0.382690578,-0.017127688,0.070327662,-0.211885443,0.210639996,-0.114000522,0.020430795,0.00395956,0.054195076,-0.019886994,0.278076931,0.013927911,0.068045858,0.010319688,-0.016599585,-0.700128242,1,-0.556156329,0.135916776,-0.018167119,-0.014661338,-0.298329186,0.058160096,-0.118973704
a_s,-0.041449871,-0.164246354,0.159507478,-0.027979152,0.355603897,-0.133894225,0.163717894,0.231932715,-0.32110697,-0.02438378,-0.119522259,-0.005734969,-0.28513195,-0.025534367,-0.278948696,-0.088963667,-0.160983761,0.149724062,-0.14486644,0.105416467,-0.556156329,1,-0.146977348,0.038938208,0.097817803,0.028332389,-0.111772582,-0.082004415
¦Ó,0.36704562,0.607817608,-0.264261224,0.032933807,-0.117608763,-0.253891832,-0.068264041,-0.575852773,0.305108427,-0.188769846,-0.028240299,0.39482534,0.146356552,-0.196438333,0.240896837,-0.030127679,-0.048513327,-0.326283512,0.19117139,-0.013611386,0.135916776,-0.146977348,1,0.585575123,-0.051150312,0.365031701,0.133600012,0.090501016
DL,-0.103168658,0.0840586,0.04276525,0.032671751,0.387145094,-0.244614311,0.262692829,0.063155685,-0.094435238,0.090178704,-0.054442411,-0.069730283,-0.046930413,-0.017159888,-0.099462488,-0.013196602,-0.091175436,0.067553712,-0.050528088,0.063510639,-0.018167119,0.038938208,0.585575123,1,-0.164192912,0.204246162,0.306094167,-0.054963184
G,-0.023412349,0.039610299,0.157186701,-0.150050734,0.115445742,0.067017978,-0.105847154,-0.126225364,-0.086081972,-0.249181658,-0.242028235,0.128761613,-0.217524757,-0.071569833,0.061382965,0.025747132,0.148269802,-0.169763674,0.14091632,-0.117915677,-0.014661338,0.097817803,-0.051150312,-0.164192912,1,-0.010541584,-0.299750673,0.106036476
L,0.257923231,0.300781203,0.034328921,0.124651347,0.088684439,-0.277589501,-0.235646469,-0.264521915,0.012871626,-0.242232376,-0.101892016,0.250514216,-0.275456194,-0.236255135,-0.244667486,0.024577822,-0.079982991,-0.06105974,0.193151427,0.420902738,-0.298329186,0.028332389,0.365031701,0.204246162,-0.010541584,1,-0.03969612,0.170149771
Ni3Al_f,0.139796048,0.045397141,-0.257933312,0.583249002,-0.253432955,-0.149805345,0.21350565,-0.060879406,0.147237174,0.088779328,0.358779381,0.039344663,0.042517667,0.239875039,-0.087675388,0.063558675,-0.203644392,0.192077463,-0.165628523,0.166199256,0.058160096,-0.111772582,0.133600012,0.306094167,-0.299750673,-0.03969612,1,-0.143742108
creep_life,-0.131740133,0.228615326,0.04128383,-0.117878961,-0.167082396,0.237724529,-0.334137343,-0.314191966,0.288035968,-0.195982884,-0.25585219,0.04650526,0.005461862,-0.057587186,0.141349114,0.134343646,0.231331522,-0.213778565,0.514449585,-0.110872912,-0.118973704,-0.082004415,0.090501016,-0.054963184,0.106036476,0.170149771,-0.143742108,1
